Vertex Count: 24

Data:

2.002 0.357039 -0 0 3.237e-43 0 0 1
1.41997 -1.49795 0 0 3.237e-43 0 0 1
0.430986 -1.33127 0 0 3.237e-43 0 0 1
0.772603 -1.996 1 0 3.237e-43 0 0 1
0.430986 -1.33127 0 0 3.237e-43 0 0 1
1.41997 -1.49795 0 0 3.237e-43 0 0 1
1.46664 1.40977 -0 0 3.237e-43 0 0 1
2.002 0.357039 -0 0 3.237e-43 0 0 1
0.407923 0.724595 -0 0 3.237e-43 0 0 1
-0.349242 -1.56452 0 0 3.237e-43 0 0 1
-0.403206 -0.473112 0 0 3.237e-43 0 0 1
0.552217 -0.529523 0 0 3.237e-43 0 0 1
-0.403206 -0.473112 0 0 3.237e-43 0 0 1
-0.349242 -1.56452 0 0 3.237e-43 0 0 1
-1.0492 -1.5861 0 0 3.237e-43 0 0 1
-1.0492 -1.5861 0 0 3.237e-43 0 0 1
-1.35842 -1.14982 0 0 3.237e-43 0 0 1
-0.403206 -0.473112 0 0 3.237e-43 0 0 1
-1.35842 -1.14982 0 0 3.237e-43 0 0 1
-1.0492 -1.5861 0 0 3.237e-43 0 0 1
-1.61012 -1.56932 0 0 3.237e-43 0 0 1
-0.403206 -0.473112 0 0 3.237e-43 0 0 1
-0.535047 0.219651 0 0 3.237e-43 0 0 1
0.552217 -0.529523 0 0 3.237e-43 0 0 1
