Vertex Count: 21

Data:

-0.421314 1.49981 -0 0 3.237e-43 0 -0 1
-1.41992 0.449067 -0 0 3.237e-43 0 -0 1
-1.44193 1.5407 -0 0 3.237e-43 0 -0 1
-1.44193 1.5407 -0 0 3.237e-43 0 -0 1
-0.735328 1.99627 -0 0 3.237e-43 0 -0 1
-0.421314 1.49981 -0 0 3.237e-43 0 -0 1
1.52493 1.1806 -0 0 3.237e-43 0 -0 1
0.858618 0.638256 -0 0 3.237e-43 0 -0 1
0.9237 1.48431 -0 0 3.237e-43 0 -0 1
0.9237 1.48431 -0 0 3.237e-43 0 -0 1
0.858618 0.638256 -0 0 3.237e-43 0 -0 1
-0.421314 1.49981 -0 0 3.237e-43 0 -0 1
-0.421314 1.49981 -0 0 3.237e-43 0 -0 1
0.858618 0.638256 -0 0 3.237e-43 0 -0 1
-1.41992 0.449067 -0 0 3.237e-43 0 -0 1
-1.50979 -0.700702 0 0 3.237e-43 0 -0 1
-1.41992 0.449067 -0 0 3.237e-43 0 -0 1
-1.10691 -0.691405 0 0 3.237e-43 0 -0 1
-1.50979 -0.700702 0 0 3.237e-43 0 -0 1
-1.99635 -0.105673 -0 0 3.237e-43 0 -0 1
-1.41992 0.449067 -0 0 3.237e-43 0 -0 1
